100      0.00115379253
101      0.00117718666
102      0.00120132290
103      0.00122623379
104      0.00125195370
105      0.00127851897
106      0.00130596805
107      0.00133434164
108      0.00136368284
109      0.00139403737
110      0.00142545372
111      0.00145798336
112      0.00149168101
113      0.00152660483
114      0.00156281673
115      0.00160038267
116      0.00163937295
117      0.00167986258
118      0.00172193168
119      0.00176566592
120      0.00181115694
121      0.00185850290
122      0.00190780909
123      0.00195918846
124      0.00201276243
125      0.00206866157
126      0.00212702654
127      0.00218800896
128      0.00225177253
129      0.00231849418
130      0.00238836543
131      0.00246159380
132      0.00253840453
133      0.00261904239
134      0.00270377382
135      0.00279288922
136      0.00288670568
137      0.00298556996
138      0.00308986189
139      0.00319999832
140      0.00331643748
141      0.00343968410
142      0.00357029520
143      0.00370888672
144      0.00385614123
145      0.00401281679
146      0.00417975718
147      0.00435790386
148      0.00454830981
149      0.00475215579
150      0.00497076935
151      0.00520564723
152      0.00545848179
153      0.00573119230
154      0.00602596221
155      0.00634528363
156      0.00669201058
157      0.00706942314
158      0.00748130495
159      0.00793203720
160      0.00842671324
161      0.00897127872
162      0.00957270387
163      0.01023919609
164      0.01098046319
165      0.01180804073
166      0.01273570020
167      0.01377995920
168      0.01496071984
169      0.01630206725
170      0.01783326503
171      0.01958998745
172      0.02161582368
173      0.02396406950
174      0.02669976708
175      0.02990183048
176      0.03366483740
177      0.03809956446
178      0.04333040857
179      0.04948622486
180      0.05667863530
181      0.06495890170
182      0.07424328550
183      0.08420400259
184      0.09415038898
185      0.10297995232
186      0.10932906651
187      0.11199595269
188      0.11047389262
189      0.10521591474
190      0.09740370847
191      0.08842053516
192      0.07941130298
193      0.07111314174
194      0.06389556346
195      0.05787932967
196      0.05304904701
197      0.04933102059
198      0.04663790619
199      0.04489007496
200      0.04402178918
201      0.04397592315
202      0.04468752762
203      0.04605511152
204      0.04790084645
205      0.04993089129
206      0.05172596298
207      0.05280545284
208      0.05277930238
209      0.05151740819
210      0.04920924492
211      0.04626127274
212      0.04311897339
213      0.04013544699
214      0.03753037625
215      0.03541062341
216      0.03381037543
217      0.03272668884
218      0.03214369486
219      0.03204693381
220      0.03243122575
221      0.03330496686
222      0.03469274520
223      0.03663733423
224      0.03920150608
225      0.04246957963
226      0.04654799144
227      0.05156320507
228      0.05765365337
229      0.06494984175
230      0.07353332943
231      0.08336270069
232      0.09415848384
233      0.10526142316
234      0.11553277781
235      0.12343510941
236      0.12742343416
237      0.12656659877
238      0.12101030972
239      0.11189941173
240      0.10082759833
241      0.08924875844
242      0.07817053073
243      0.06813552289
244      0.05934242940
245      0.05178447240
246      0.04535364471
247      0.03990479480
248      0.03528974904
249      0.03137296360
250      0.02803706216
251      0.02518336615
252      0.02273024059
253      0.02061070198
254      0.01876997296
255      0.01716327138
256      0.01575392559
257      0.01451181771
258      0.01341212036
259      0.01243428120
260      0.01156121045
261      0.01077863195
262      0.01007456436
263      0.00943890583
264      0.00886310043
265      0.00833986942
266      0.00786299391
267      0.00742713831
268      0.00702770648
269      0.00666072387
270      0.00632274058
271      0.00601075139
272      0.00572212940
273      0.00545457078
274      0.00520604862
275      0.00497477420
276      0.00475916434
277      0.00455781387
278      0.00436947221
279      0.00419302348
280      0.00402746951
281      0.00387191523
282      0.00372555623
283      0.00358766790
284      0.00345759617
285      0.00333474939
286      0.00321859130
287      0.00310863494
288      0.00300443729
289      0.00290559456
290      0.00281173810
291      0.00272253080
292      0.00263766385
293      0.00255685396
294      0.00247984084
295      0.00240638501
296      0.00233626577
297      0.00226927951
298      0.00220523811
299      0.00214396754
300      0.00208530660
301      0.00202910580
302      0.00197522635
303      0.00192353924
304      0.00187392442
305      0.00182627007
306      0.00178047190
307      0.00173643258
308      0.00169406114
309      0.00165327254
310      0.00161398712
311      0.00157613029
312      0.00153963207
313      0.00150442677
314      0.00147045270
315      0.00143765184
316      0.00140596962
317      0.00137535463
318      0.00134575844
319      0.00131713538
320      0.00128944232
321      0.00126263856
322      0.00123668562
323      0.00121154712
324      0.00118718862
325      0.00116357751
326      0.00114068290
327      0.00111847550
328      0.00109692751
329      0.00107601257
330      0.00105570562
331      0.00103598286
332      0.00101682164
333      0.00099820043
334      0.00098009875
335      0.00096249706
336      0.00094537677
337      0.00092872015
338      0.00091251030
339      0.00089673108
340      0.00088136708
341      0.00086640360
342      0.00085182658
343      0.00083762259
344      0.00082377877
345      0.00081028285
346      0.00079712305
347      0.00078428810
348      0.00077176722
349      0.00075955007
